@5 4 4 1 :-0.4025799999613191 -0.8535800493867618 0.2135416190473094 -0.9862966573310425 -0.4875802396507236 
-0.5326224112153706 -0.1760051699837868 -0.29245843473776434 0.8469657498276919 -0.35461314662943266 
-0.9872379382703922 0.21274395100905874 -0.5308133050134134 -0.7179290443189601 -0.4193656455938861 
0.44729323009947786 -0.716064376463561 0.23579586468501845 0.15341259956113174 0.5549709179611182 

0.40686552831242584 -0.2857836164368994 -0.19180474188812524 -0.08869830928760303 
0.43993525757000773 -0.7736573040589145 0.9563150706723311 0.3722051783924354 
-0.28658975697999245 0.7164122952522458 -0.7091696451643752 0.15424415607718167 
-0.40532246719266496 0.2545474342859324 0.42046047040394563 -0.6249558494916696 

0.15516942760761898 -0.7740014984635406 -0.9789885091853912 0.7465799062883915 

~-0.7573955377687298 -0.846890709453965 0.8415420177578175 0.20542795942338388 
-0.5806452264493094 -0.11752546888789617 -0.8657705068462769 -0.5119010215254212 
-0.17186187828460153 
#unko$@6 3 4 1 :0.5817809774077223 0.7482490859358812 0.26930421117354064 -0.07085514268534587 0.01959124027342396 -0.2975113553842821 
0.7295093649692963 0.9681400467264354 -0.5070992645741077 -0.9704319278580287 0.7834488547456144 0.19483404213340227 
-0.4456852397913702 -0.24411647457572005 0.2188677589025665 -0.7265872922332572 0.6754532185795263 -0.5937105169340737 

-0.35259583167506015 0.33966194838374997 0.42032306167834843 
0.6639726681338893 -0.7804317463313881 0.16894047764623776 
-0.30350000954922707 -0.576100935766096 0.32743810486504077 
-0.9818242864310107 -0.471709713934819 -0.5990950365417584 

0.08132496048472304 0.5156613258630356 0.5955436890849388 0.5453714710210944 

~-0.7425930023942313 0.7123215962723597 -0.98934613144697 
-0.9169741437787544 -0.19359711431894389 0.7767155574314 -0.9638496841437616 
-0.2625116481940968 
#1$@8 3 2 1 :0.1461370624938969 0.261205114845511 -0.9798191802995262 0.6258550012571888 0.5968139632279275 0.4828588684333599 0.12971051476401918 -0.2650516411634789 
0.6108542381094693 -0.7829155858829271 0.6487349516274579 -0.7111023508968657 -0.7606165640703388 0.029251685482731382 -0.11588964761856446 -0.41543688957439207 
-0.8456934386380883 0.1237010287582212 0.47957377960267 -0.8450281420922157 0.5802363603295646 0.30744280568248517 0.04964489707768527 0.4935009884887076 

-0.44042784223181886 0.2931808528940729 0.5269053253617291 
-0.9999743330025352 0.33544937696407695 0.802227195814877 

-0.18493861936935208 -0.9061333712901214 

~0.6175669806560564 0.35716358750297417 0.6265797228630312 
-0.7361392148848405 -0.3127665586836941 
0.5923078039078928 
#2$@4 5 4 1 :-0.5076183063607536 -0.020404061082442526 -0.7941725518061031 0.08078176341312515 
0.3967753607602664 -0.4490561999597251 -0.43292737861836494 -0.17483467423053822 
-0.13261926266269342 -0.38710370597944266 -0.13516947701523208 0.46045089301584907 
0.5793640681454459 -0.4486698099993325 0.011694755279447966 -0.14348883542328195 
-0.9809968314070401 -0.8115599031370044 0.2504514808134539 -0.14171063208311407 

-0.3672716713236537 0.6626572061887634 0.5402158238269035 -0.04666173918865524 -0.6772702747073001 
0.8376853896246927 -0.497935735572683 -0.7366769527920076 -0.05532576493768482 -0.932353470052548 
-0.5317008774518606 -0.13773217348750078 0.08912843818187999 0.6463748810187624 0.010510049109402342 
0.3199102162815699 -0.18085950121513505 0.8241249983504704 0.8222749321762495 -0.21437093601760093 

-0.0721752327032621 -0.7563142834711645 -0.5852606502989968 -0.4236778884508652 

~0.46654453381161387 -0.5275918070609054 -0.5012533424344121 0.1984012118924683 0.45428241468358777 
-0.6089202783542886 0.2199994287132856 -0.7865922628835549 0.5330219391735112 
0.5463150331091575 
#3$